459
989
567
311
539
566
334
774
180
295
749
348
598
377
370
953
707
672
650
60
762
648
336
588
225
410
560
408
431
958
545
960
681
611
426
403
643
910
420
898
81
984
177
741
158
195
203
164
892
101
680
241
13
302
164
5
691
551
343
671
803
459
737
564
591
387
411
523
347
388
688
25
552
611
685
117
776
205
444
212
465
376
935
871
318
902
683
531
114
491
266
834
270
140
86
928
828
586
971
913
357
456
196
945
801
977
993
364
285
174
288
247
626
855
209
374
59
183
878
336
414
37
706
48
263
432
97
197
922
586
169
180
272
593
160
740
155
290
974
434
717
894
852
406
230
698
301
774
893
138
196
802
329
30
190
64
720
719
969
961
983
403
309
763
499
71
954
864
64
397
971
879
376
647
650
506
950
314
555
160
211
550
13
299
481
325
718
236
543
714
830
798
12
228
312
400
183
187
420
63
326
555
944
84
533
503
657
345
114
911
396
986
375
460
97
642
151
347
139
979
141
849
737
962
665
662
337
730
204
493
325
992
862
427
862
263
502
326
9
941
634
176
559
5
15
700
681
327
667
696
844
309
425
651
905
463
